100.006 2972.19 1 1 88.005 96.006 100.006 96.006 96.006 104.007 104.006 96.006 92.006 96.006 96.006 152.01 104.007 100.006 100.006 104.007 96.006 100.006 96.006 96.006 92.006 96.006 104.006 100.006 96.006 100.006 88.006 96.006 92.006 96.006 
96.006 6272.39 1 2 88.006 100.007 96.006 100.006 112.007 112.007 84.005 96.006 120.008 116.007 120.007 116.007 116.007 108.006 80.005 88.006 120.007 116.007 120.007 124.008 120.008 120.007 120.008 112.007 112.007 116.007 128.008 116.007 108.006 116.008 
168.011 11100.7 1 3 140.009 152.01 132.009 160.01 164.01 164.01 160.01 164.01 160.01 160.01 164.01 168.011 168.011 168.01 168.011 164.01 168.011 160.01 164.01 148.009 156.01 164.01 160.01 164.01 172.011 164.011 156.01 160.01 168.01 168.011 
208.013 18317.1 1 5 208.013 264.016 232.014 240.015 252.015 312.02 228.014 240.015 208.013 232.015 244.015 252.015 236.015 244.015 228.014 248.016 244.015 240.015 244.015 236.015 232.015 244.015 236.015 264.016 236.015 216.013 240.015 240.015 248.016 228.015 
188.012 23817.5 1 5 180.012 144.009 140.009 208.013 184.012 196.012 192.012 196.013 192.012 184.011 184.012 180.011 184.011 188.011 176.011 184.011 180.011 184.012 204.013 156.01 180.012 188.011 176.011 188.012 188.012 180.011 192.012 192.012 188.011 192.012 
172.01 29057.8 1 6 188.012 192.012 164.01 176.011 180.011 168.011 184.012 168.011 176.011 176.011 172.011 176.011 168.01 168.01 172.01 168.011 172.011 176.011 184.011 164.01 172.011 176.011 180.011 168.01 172.01 168.01 168.01 172.011 192.012 180.011 
168.01 34206.1 1 7 224.014 168.011 184.011 172.011 156.01 172.011 180.011 180.011 180.012 168.01 164.01 168.011 156.01 172.011 164.01 176.011 176.011 160.01 168.01 160.01 172.01 176.011 172.011 164.01 168.01 176.011 168.011 168.011 164.01 172.01 
168.01 39046.4 1 8 160.01 144.009 156.01 160.01 180.011 168.011 160.01 160.01 152.009 156.01 164.011 156.01 156.009 156.009 180.011 164.011 160.01 160.01 172.011 168.011 148.01 168.01 160.01 176.011 164.01 164.01 160.01 152.009 164.011 152.01 
236.015 45930.9 1 9 228.014 220.014 252.016 244.015 240.015 200.013 212.013 232.014 252.015 216.014 208.013 232.015 228.014 248.016 244.015 208.013 308.019 236.015 220.014 200.012 236.015 236.015 204.013 240.015 240.015 240.015 212.014 196.012 244.015 208.013 
144.009 50055.1 1 10 116.008 148.009 108.007 140.009 132.008 136.008 140.008 140.009 140.009 144.009 132.008 136.008 136.009 136.008 148.009 136.008 140.008 144.009 136.009 140.009 140.009 144.009 128.008 140.009 144.009 144.009 144.009 136.009 140.009 136.009 
192.012 55667.5 1 11 220.014 172.01 188.012 184.011 188.011 184.011 180.012 176.011 168.01 184.011 192.012 184.011 196.012 180.011 188.011 180.012 188.012 192.012 184.012 204.013 184.012 192.012 184.011 204.013 212.013 176.011 168.01 176.011 188.012 196.012 
200.012 61811.9 1 12 180.011 160.01 160.01 204.013 216.014 208.013 208.013 216.013 252.016 204.013 212.014 212.013 216.014 212.013 216.014 212.013 208.013 196.013 208.013 200.012 216.013 200.012 196.012 200.013 208.013 204.013 216.013 188.012 204.013 212.013 
164.01 66948.2 1 13 128.008 160.01 128.008 164.01 168.01 172.011 172.011 184.011 164.011 200.013 172.011 168.011 168.011 232.014 164.01 168.01 168.011 176.011 176.011 176.011 172.01 164.01 160.01 176.011 180.011 172.011 168.011 176.011 184.012 176.011 
200.012 72332.5 1 14 176.011 228.015 184.012 180.011 176.011 180.012 176.011 180.011 160.01 176.011 164.01 172.011 184.011 176.011 180.011 168.01 200.013 192.012 196.012 172.011 172.011 200.012 172.01 180.011 168.011 180.011 172.011 176.011 176.011 168.01 
156.01 77004.8 1 15 152.01 140.009 152.009 160.01 152.01 160.01 160.01 152.01 156.01 156.01 148.009 128.008 128.008 160.01 144.009 156.01 152.01 156.009 156.009 160.01 160.01 204.013 176.011 160.01 152.009 148.009 160.01 160.01 156.01 168.011 
144.009 81517.1 1 16 136.009 152.01 140.008 148.009 156.01 140.008 144.009 148.009 140.009 144.009 152.01 232.014 148.009 152.01 148.009 152.01 144.009 144.009 148.01 152.009 144.009 144.009 148.009 156.009 160.01 144.009 148.009 148.009 160.01 140.009 
128.008 85853.4 1 17 132.009 140.009 132.008 148.009 140.009 136.008 152.009 148.01 140.009 156.01 148.009 196.013 120.008 144.009 144.009 136.009 148.01 144.009 152.009 148.009 140.008 128.008 140.009 144.009 140.009 148.009 144.009 152.009 144.009 152.009 
180.012 90821.7 2 18 180.012 180.011 176.011 176.011 168.01 164.01 176.011 160.01 176.011 136.009 124.008 156.01 156.01 160.01 176.011 160.01 168.01 176.011 172.011 164.01 152.01 168.01 160.01 164.01 172.011 188.012 176.011 172.01 156.01 156.01 
260.016 98842.2 3 19 336.021 340.021 252.016 248.015 272.017 248.015 200.013 244.016 264.016 264.016 352.022 256.016 260.016 260.016 248.015 256.016 268.017 276.017 256.016 256.016 260.016 260.016 252.016 260.016 272.017 268.017 256.016 308.019 268.017 260.016 
184.011 103666 1 20 176.011 168.01 160.01 156.01 168.01 160.01 160.01 156.009 160.01 156.01 120.008 140.009 172.011 172.011 164.01 160.01 172.01 172.01 160.01 152.01 160.01 160.01 168.01 184.011 132.008 172.011 160.01 160.01 164.011 160.01 
204.013 108967 1 21 176.011 176.011 184.011 204.013 172.011 176.011 180.011 184.011 168.01 128.008 160.01 148.009 164.01 164.01 180.011 168.011 192.012 192.012 172.011 180.011 184.012 192.012 180.011 168.01 176.011 188.012 184.012 192.012 200.013 168.011 
176.011 113959 1 22 176.011 148.009 152.009 176.011 164.011 168.01 168.011 168.01 164.01 176.011 120.008 172.01 168.011 164.01 176.011 164.011 156.01 172.011 172.011 164.011 180.011 168.011 160.01 164.01 168.01 164.01 168.011 160.01 192.012 180.011 
156.01 118947 1 23 184.012 152.009 156.01 168.01 156.01 160.01 168.01 176.011 168.01 176.011 228.015 184.012 160.01 164.011 172.011 176.011 160.01 164.011 148.01 144.009 148.009 152.01 156.01 164.01 180.011 172.011 164.01 168.01 164.01 156.01 
132.008 123180 1 24 132.008 144.009 112.007 144.009 144.009 140.009 148.009 136.008 144.009 136.009 136.009 184.012 168.011 144.009 140.009 144.009 140.008 136.008 136.009 136.009 140.009 140.009 136.008 140.008 132.008 136.009 140.009 144.009 136.008 144.009 
160.01 127668 2 25 152.009 136.008 148.009 148.009 152.009 152.009 156.009 148.009 156.01 160.01 128.008 112.007 120.007 132.009 152.009 144.009 168.011 164.01 160.01 152.009 148.01 156.01 148.009 140.008 140.008 148.01 164.01 164.01 164.01 176.011 
240.015 135060 1 26 224.014 216.013 240.015 244.015 248.015 244.015 236.015 336.021 244.015 244.015 236.015 244.015 248.015 320.02 232.015 240.015 240.015 236.015 236.015 240.015 232.014 260.017 244.015 244.015 248.016 236.014 248.016 248.016 248.015 236.015 
176.011 140341 1 27 180.011 152.01 192.012 180.011 180.011 176.011 180.012 184.012 176.011 172.011 192.012 188.012 168.01 176.011 176.011 188.012 172.011 184.011 164.01 132.008 168.01 160.01 160.01 180.011 172.01 180.011 192.012 184.011 188.011 184.011 
176.011 145985 1 28 176.011 196.012 236.015 180.011 172.01 192.012 200.012 184.011 176.011 180.012 184.011 152.009 172.011 184.012 188.012 172.011 208.013 200.012 200.013 168.011 176.011 184.012 200.012 176.011 200.013 200.012 208.013 192.012 212.013 176.011 
240.015 153546 2 29 228.014 184.011 176.011 224.014 248.015 248.016 252.016 244.015 312.02 296.019 292.018 312.019 308.019 308.02 292.018 248.016 236.014 228.014 244.016 236.015 232.014 240.015 244.015 224.014 240.015 240.015 240.015 232.014 240.015 312.019 
164.01 159058 1 30 172.01 160.01 188.012 180.011 184.011 176.011 180.011 184.011 176.011 248.016 208.013 188.012 184.012 176.011 176.011 168.01 180.011 184.011 204.012 180.012 180.011 176.011 192.012 196.013 172.011 176.011 164.01 188.011 192.012 180.011 
140.009 163262 1 31 128.008 140.009 124.007 132.008 136.008 136.008 140.009 136.009 140.009 136.009 140.009 148.009 172.011 156.01 136.008 140.008 132.009 144.009 136.008 136.009 144.009 148.009 140.009 148.009 136.009 136.009 140.009 136.008 144.009 144.009 
252.016 171243 1 32 328.02 244.015 240.015 252.016 272.017 244.015 304.019 272.017 280.017 264.016 292.018 260.017 272.017 344.022 276.018 248.016 240.015 240.015 292.018 276.018 256.016 244.016 252.016 260.016 240.015 244.015 260.016 268.017 252.016 264.017 
