100.006
100.006
100.006
104.006
100.007
100.006
104.007
104.006
100.006
104.007
100.006
100.007
92.006
96.006
104.007
96.006
92.006
96.006
100.007
104.006
100.006
104.007
104.006
96.006
100.006
96.006
104.006
80.005
96.006
100.006
128.008
108.007
108.007
120.008
120.007
116.008
116.007
120.008
116.007
120.007
120.008
120.008
120.007
116.007
116.008
112.007
120.007
124.008
112.007
128.008
116.007
116.007
120.008
124.008
116.007
120.007
124.008
120.007
116.007
120.007
140.009
156.009
140.009
164.011
168.01
164.01
168.011
164.01
160.01
160.01
168.011
168.011
160.01
168.011
172.011
172.011
164.01
152.01
168.011
168.01
168.011
164.01
172.011
168.01
164.01
172.01
160.01
164.01
172.011
164.01
228.015
268.017
244.016
244.015
236.015
312.019
236.015
280.018
220.014
232.015
252.016
252.016
232.015
256.016
256.016
256.016
244.015
256.016
244.015
236.015
248.015
252.015
244.015
264.017
244.016
228.014
232.015
240.015
256.016
240.015
176.011
136.008
168.01
192.012
184.011
188.012
196.013
192.012
188.011
188.012
192.012
188.012
196.012
196.012
180.011
192.012
188.011
188.012
184.012
188.012
204.013
192.012
164.01
180.012
192.012
192.012
188.012
192.012
192.012
192.012
164.01
148.009
160.01
168.01
172.011
176.011
180.011
184.012
172.01
164.01
172.01
176.011
172.011
176.011
176.011
176.011
176.011
176.011
176.011
176.011
176.011
172.011
160.01
176.011
180.011
176.011
172.011
176.011
172.011
184.012
176.011
168.01
172.011
168.011
160.01
164.01
172.01
176.011
180.011
172.011
168.01
164.01
164.01
168.01
164.011
172.01
168.011
160.01
164.01
160.01
160.01
168.011
164.01
160.01
164.01
164.01
172.01
160.01
156.009
164.01
160.01
164.01
176.011
156.01
188.012
164.01
164.01
160.01
156.01
160.01
176.011
156.01
156.009
164.011
180.011
164.011
160.01
152.01
168.011
156.01
152.01
188.012
164.01
172.011
156.01
160.01
164.01
156.009
184.012
192.012
220.014
176.011
232.015
240.015
240.015
200.013
212.014
240.015
220.014
216.013
208.013
244.015
236.015
244.015
252.016
212.013
304.019
236.015
224.014
204.013
252.016
240.015
196.013
240.015
252.016
252.015
212.013
196.012
248.015
212.013
132.008
136.009
124.007
140.009
144.009
140.009
144.009
144.009
140.009
144.009
140.009
140.009
140.009
144.009
128.008
144.009
140.008
144.009
140.008
140.009
144.009
140.009
144.009
128.008
132.008
144.009
140.009
140.009
140.009
140.009
196.012
168.01
192.012
188.012
196.012
184.012
184.012
176.011
180.012
196.012
196.012
188.012
196.012
184.012
192.012
176.011
196.012
196.012
184.011
196.012
196.012
204.013
188.012
200.012
212.014
184.011
180.011
192.012
188.012
192.012
200.013
184.012
216.013
216.013
220.013
212.013
216.014
216.013
212.013
208.013
200.012
224.014
220.014
216.013
224.014
212.013
216.014
204.013
208.013
204.013
212.014
212.013
212.013
216.014
220.013
220.014
204.013
204.013
212.013
228.015
168.011
188.012
188.012
200.013
200.013
172.011
164.01
172.011
168.01
172.01
164.01
164.011
172.011
168.01
176.011
164.01
172.011
172.011
168.01
172.011
180.012
164.01
164.01
168.01
164.01
164.01
164.01
172.011
164.01
168.01
192.012
148.009
180.011
172.011
172.011
180.011
172.011
168.01
172.01
172.011
176.011
180.011
188.011
184.012
180.011
176.011
184.012
176.011
180.011
184.012
172.011
184.011
192.012
184.012
176.011
172.011
180.011
172.011
188.012
180.011
176.011
128.008
120.007
156.01
148.009
156.01
152.01
148.009
152.009
156.01
144.009
156.01
144.009
152.01
140.009
156.01
148.009
156.009
156.01
152.01
156.01
168.011
152.01
148.009
148.01
156.009
160.01
156.009
148.009
160.01
160.01
140.009
172.011
148.009
140.009
148.01
152.009
152.01
160.01
152.009
148.009
148.01
152.009
152.009
136.009
156.01
144.009
152.01
152.01
148.009
152.01
160.01
148.009
156.01
152.01
140.009
152.009
148.01
156.01
144.009
148.01
136.008
144.009
140.009
152.009
152.01
140.009
144.009
152.009
156.01
148.01
144.009
148.01
152.009
152.01
156.009
144.009
144.009
144.009
148.009
144.009
144.009
156.01
148.01
144.009
152.01
152.009
144.009
140.009
148.01
140.009
160.01
148.009
172.011
180.011
168.011
160.01
160.01
168.01
160.01
164.011
176.011
164.01
156.01
188.012
172.011
164.011
160.01
160.01
164.01
164.01
160.01
168.01
172.01
176.011
180.011
176.011
176.011
164.01
164.011
312.02
288.018
264.017
260.016
260.017
256.016
256.016
268.017
260.017
256.016
344.022
264.017
260.016
260.017
260.016
268.016
268.017
268.017
264.016
252.015
256.016
256.016
256.016
268.016
264.016
264.017
252.016
260.017
272.017
256.016
164.011
140.008
140.008
148.009
156.01
144.009
156.01
156.01
156.01
160.01
160.01
156.009
160.01
164.01
160.01
148.009
164.011
144.009
172.011
160.01
160.01
156.01
172.011
184.012
164.01
180.012
168.011
176.011
164.011
164.01
188.012
212.013
172.01
188.011
168.01
168.01
176.011
184.011
176.011
180.011
172.011
172.011
204.013
196.012
188.012
192.012
208.013
208.013
188.012
188.011
192.012
196.013
188.012
188.012
208.013
196.012
188.012
200.012
196.013
188.012
188.012
172.011
164.01
184.011
176.011
168.01
176.011
168.011
172.011
156.01
164.011
168.011
168.01
172.01
176.011
172.011
172.011
160.01
172.01
164.01
172.011
164.01
180.012
176.011
172.011
168.011
176.011
172.011
168.011
164.01
164.01
188.012
144.009
152.01
148.009
192.012
192.012
208.013
172.011
176.011
164.01
172.01
160.01
164.01
180.012
196.012
172.011
180.011
164.01
192.012
168.011
172.011
176.011
184.012
196.013
180.011
176.011
172.011
172.011
172.011
112.007
152.009
100.007
132.008
144.009
136.008
144.009
136.008
140.009
140.009
140.009
140.009
140.009
140.009
144.009
144.009
140.009
140.008
140.008
148.009
132.008
136.009
148.009
156.01
148.009
140.009
140.009
140.009
144.009
144.009
156.01
108.006
144.009
164.011
156.009
156.009
164.01
156.01
152.01
156.01
156.01
152.01
140.009
156.01
152.01
148.009
160.01
164.01
160.01
152.009
160.01
164.01
148.009
152.009
152.01
152.01
164.01
168.011
164.01
168.011
228.014
196.013
248.015
248.016
240.015
244.016
240.015
240.015
236.014
248.015
244.015
260.017
244.015
320.02
252.016
248.015
240.015
248.015
244.015
244.016
248.016
256.016
248.016
248.016
252.016
248.015
256.016
256.016
244.015
244.015
188.012
148.009
188.012
172.011
172.01
176.011
180.012
208.013
164.01
172.011
192.012
176.011
176.011
176.011
172.011
184.011
180.012
180.011
176.011
180.011
180.011
172.011
172.011
196.012
172.011
184.011
188.012
192.012
184.011
176.011
192.012
164.01
196.012
188.012
176.011
184.012
200.012
180.011
180.011
180.011
200.013
204.012
176.011
188.012
184.011
196.013
196.012
184.011
188.012
196.012
220.013
224.014
208.013
192.012
192.012
200.013
204.013
192.012
204.012
188.012
220.013
224.014
236.015
256.016
240.015
240.015
240.015
248.016
304.019
300.019
292.019
308.019
300.018
300.018
308.02
244.015
232.014
240.015
240.015
236.015
232.015
236.015
236.015
232.014
228.014
240.015
236.015
236.015
236.015
312.019
148.009
164.011
164.011
184.012
184.011
180.011
172.011
192.012
180.011
188.011
180.011
192.012
196.012
184.011
188.011
184.011
188.012
184.012
192.012
172.011
180.011
180.012
172.01
176.011
176.011
180.011
180.011
180.011
172.011
188.012
148.009
132.008
124.008
136.008
136.008
132.008
136.009
120.008
144.009
136.009
136.008
136.008
132.009
136.008
132.008
136.009
136.008
136.009
128.008
132.009
136.008
148.009
152.009
140.009
144.009
148.009
144.009
136.009
144.009
148.009
384.024
244.016
248.016
256.016
276.017
240.015
244.016
276.017
272.017
272.017
288.018
264.016
276.018
272.017
276.018
240.015
240.015
236.014
276.017
256.016
252.015
248.015
260.016
252.015
256.016
244.016
260.016
256.016
260.016
280.017
280.018
240.015
260.016
328.021
244.015
252.016
248.016
260.016
260.017
260.016
252.015
256.016
284.018
272.017
284.017
252.016
280.018
272.017
260.016
308.019
252.016
260.016
260.016
280.018
256.016
252.016
316.02
272.017
256.016
252.016
