52.003
44.003
96.006
96.006
100.006
96.006
100.006
96.006
108.007
100.006
92.006
100.006
96.006
104.007
124.008
100.006
96.006
96.006
88.006
96.006
96.006
96.006
96.006
96.006
96.006
88.005
92.006
96.006
96.006
96.006
124.008
128.008
128.008
136.008
136.009
120.008
116.007
132.008
132.009
124.008
152.009
128.008
136.008
136.008
140.009
164.01
136.008
124.007
116.007
140.009
128.008
128.008
144.009
124.008
96.006
136.008
144.009
124.008
132.008
144.009
180.011
88.005
80.005
148.01
160.01
140.009
148.01
168.01
152.009
144.009
184.011
136.008
160.01
164.011
140.009
144.009
160.01
164.01
152.01
156.01
140.009
160.01
160.01
140.009
160.01
164.01
144.009
148.009
172.011
168.011
200.012
276.017
224.014
220.013
192.012
296.019
200.013
224.014
228.014
256.016
240.015
264.016
240.015
308.019
228.015
240.015
240.015
236.015
228.014
212.013
192.012
200.013
220.014
244.016
232.014
180.011
224.014
212.013
300.019
256.016
184.012
176.011
140.008
192.012
168.011
156.01
192.012
180.011
180.011
172.011
148.009
164.01
184.012
160.01
164.01
184.012
148.009
184.011
188.012
168.011
176.011
184.012
200.013
228.015
208.013
184.011
272.017
224.014
192.012
180.011
144.009
180.011
140.009
160.01
164.01
136.009
176.011
152.01
164.01
164.01
208.013
156.01
180.011
148.01
164.01
116.007
144.009
168.011
156.01
148.009
192.012
152.01
160.01
156.01
160.01
168.01
152.009
164.01
188.012
204.013
204.013
192.012
188.011
192.012
164.011
212.013
204.013
192.012
212.013
192.012
176.011
180.011
184.012
180.011
192.012
168.01
184.011
164.011
156.01
140.009
148.009
156.01
148.01
164.01
140.008
192.012
180.012
148.009
148.009
172.011
144.009
152.01
148.01
144.009
192.012
132.008
148.009
160.01
144.009
148.009
132.008
160.01
168.011
168.01
180.011
168.011
176.011
168.01
164.01
180.011
164.011
184.012
184.011
192.012
160.01
180.012
168.011
156.01
144.009
152.009
232.015
184.012
224.014
220.014
220.014
204.013
232.015
256.016
244.016
240.015
240.015
264.016
256.016
288.018
248.016
208.013
300.019
220.013
196.013
188.012
232.015
252.015
188.011
220.014
220.014
244.015
204.013
172.011
232.015
220.014
112.007
116.007
140.009
136.008
144.009
136.009
128.008
140.009
160.01
136.009
136.009
140.008
140.008
144.009
120.008
144.009
136.008
136.009
136.008
116.007
148.009
120.008
152.009
132.008
136.009
132.008
140.009
132.009
124.008
144.009
172.011
192.012
184.012
156.009
192.012
160.01
176.011
152.009
184.011
208.013
224.014
180.011
176.011
184.011
164.01
172.011
184.011
176.011
176.011
188.012
168.011
184.012
184.011
192.012
192.012
184.011
176.011
184.012
180.011
184.011
200.012
212.013
200.012
188.012
220.014
196.013
188.012
196.012
212.013
196.012
208.013
220.014
192.012
188.011
196.012
196.012
196.013
224.014
184.012
200.012
212.013
188.011
204.013
204.013
212.013
220.014
192.012
192.012
216.013
204.012
156.009
144.009
180.011
168.011
200.013
184.012
180.011
176.011
196.012
172.011
172.011
180.011
176.011
168.011
176.011
172.011
164.01
184.012
148.009
176.011
172.011
160.01
164.01
152.01
172.011
152.009
160.01
236.015
168.011
168.011
184.012
184.012
180.011
172.011
184.012
232.014
200.013
180.011
196.012
180.011
172.011
192.012
204.013
184.012
220.014
192.012
192.012
188.012
184.011
164.01
180.012
176.011
204.013
140.009
156.01
172.011
180.011
152.01
200.012
156.01
176.011
164.01
160.01
164.01
196.012
152.009
156.01
156.009
156.009
164.01
132.008
164.01
136.008
168.011
132.008
144.009
100.006
160.01
132.008
168.011
120.008
156.01
132.008
148.009
124.007
156.01
144.009
164.01
140.008
160.01
124.008
156.01
140.009
148.01
124.008
132.008
144.009
136.008
148.009
136.009
148.009
108.007
172.01
160.01
156.01
148.01
148.009
160.01
160.01
160.01
160.01
156.01
148.009
168.01
152.01
140.008
148.01
152.009
164.01
184.012
136.008
124.008
152.009
124.008
140.009
124.008
152.009
128.008
152.009
120.008
140.009
124.008
144.009
140.009
144.009
132.008
140.009
136.008
136.009
160.01
132.009
136.009
172.011
144.009
124.007
132.008
136.008
152.01
132.008
148.01
68.004
96.006
100.006
96.006
96.006
96.006
104.006
92.006
104.006
108.007
96.006
100.007
96.006
96.006
92.006
76.005
88.006
96.006
96.006
96.006
96.006
96.006
92.005
96.006
96.006
96.006
96.006
96.006
96.006
96.006
116.007
108.007
136.008
104.007
116.008
100.006
120.008
108.007
116.007
104.006
116.008
104.006
120.007
116.007
100.006
120.007
104.007
120.007
108.006
120.007
108.006
108.007
116.007
108.007
120.008
100.006
116.007
100.006
112.007
96.006
164.011
168.011
168.011
180.011
176.011
188.012
180.012
172.011
180.011
176.011
140.009
156.01
164.01
144.009
152.009
164.011
140.008
188.012
184.011
188.012
184.012
180.011
176.011
176.011
168.01
176.011
168.01
180.011
200.013
172.01
240.015
296.018
192.012
252.016
264.017
332.021
236.015
244.015
204.013
204.013
220.014
256.016
232.015
240.015
256.016
256.016
256.016
260.016
268.017
272.017
268.017
276.017
268.017
272.017
260.016
216.014
224.014
268.017
280.018
264.016
204.013
192.012
204.013
224.014
184.012
188.012
200.013
176.011
172.011
172.01
180.012
136.009
184.012
172.011
152.01
184.012
156.01
168.011
188.011
152.01
172.011
192.012
176.011
132.009
156.01
160.01
180.011
168.01
172.011
184.012
160.01
168.011
152.009
184.011
156.01
148.009
184.011
128.008
156.01
140.009
204.013
176.011
160.01
172.011
160.01
148.01
176.011
140.009
164.01
172.01
144.009
168.011
152.01
168.011
168.01
152.009
172.01
168.01
152.009
172.011
140.009
172.011
172.011
148.01
152.009
168.01
168.01
176.011
172.011
152.009
176.011
160.01
140.009
168.011
136.009
180.011
164.01
140.009
140.009
152.01
132.008
144.009
152.01
136.009
156.01
160.01
168.01
180.011
184.012
172.011
144.009
140.009
168.01
184.011
204.012
168.01
160.01
180.011
176.011
188.012
180.012
160.01
152.009
152.01
176.011
144.009
160.01
128.008
172.01
152.01
140.009
164.011
136.008
168.01
156.01
148.009
160.01
132.008
144.009
152.01
204.013
208.013
232.014
196.013
220.014
184.011
188.012
216.014
184.012
212.013
172.01
212.013
208.013
240.015
248.016
172.011
272.017
220.014
216.013
176.011
224.014
220.014
200.013
224.014
248.015
208.013
204.012
184.011
220.013
184.012
124.007
144.009
128.008
144.009
148.009
148.009
148.009
132.009
140.009
144.009
132.008
136.009
152.01
144.009
144.009
152.01
136.009
140.008
152.009
140.008
144.009
152.009
148.01
156.01
140.009
156.01
152.01
152.01
148.009
152.01
208.013
196.012
188.012
176.011
196.012
172.011
180.011
148.009
192.012
184.012
192.012
192.012
204.013
188.012
184.012
212.013
212.013
204.013
188.012
188.012
204.013
204.013
196.012
220.013
228.014
196.012
192.012
192.012
192.012
200.013
208.013
212.013
208.013
204.012
212.014
208.013
204.012
200.012
212.013
204.013
196.013
208.013
224.014
208.013
204.013
204.012
212.013
204.013
204.012
208.013
224.014
216.014
216.013
232.015
248.015
216.013
228.014
212.014
204.013
224.014
188.012
188.011
160.01
180.011
184.011
168.01
144.009
144.009
148.009
152.01
116.007
176.011
132.008
164.01
140.009
168.01
136.009
160.01
164.01
140.009
184.011
120.007
156.009
144.009
164.01
156.01
164.01
148.009
136.008
152.009
192.012
160.01
192.012
116.008
168.01
164.01
172.011
148.01
188.011
164.011
180.011
184.012
156.009
180.011
160.01
160.01
180.011
148.009
160.01
156.009
148.009
172.011
164.011
152.01
136.009
148.01
148.009
172.011
136.009
152.009
148.009
148.009
148.009
164.011
152.009
152.009
144.009
152.01
172.011
184.012
168.01
164.01
192.012
164.011
144.009
176.011
196.012
168.011
148.009
176.011
168.01
164.01
152.01
148.009
132.008
152.009
132.008
160.01
132.008
160.01
132.008
124.008
160.01
124.008
124.008
132.008
124.008
144.009
108.007
152.009
132.008
160.01
172.011
152.009
160.01
156.01
148.009
152.01
144.009
168.01
164.01
148.009
152.009
160.01
148.009
156.01
148.009
168.01
172.01
148.009
176.011
180.011
152.009
152.01
164.011
152.009
156.01
140.009
168.011
148.009
100.006
124.008
128.008
132.008
144.009
132.008
144.009
96.006
124.008
152.009
128.008
144.009
136.009
152.009
120.008
152.01
104.006
144.009
120.007
152.01
100.006
92.005
100.006
96.006
100.006
92.006
96.006
108.007
100.006
100.006
96.006
100.006
96.006
96.006
112.007
104.006
96.006
96.006
100.006
96.006
96.006
104.007
96.006
100.006
104.007
104.006
96.006
96.006
100.006
100.007
112.007
124.008
116.007
124.008
116.007
124.008
132.009
120.007
116.008
124.008
120.007
132.008
132.008
116.007
136.009
124.008
100.007
120.007
112.007
124.008
128.008
116.008
132.008
120.007
112.007
128.008
136.009
120.007
136.009
132.008
176.011
164.011
168.01
172.01
168.01
184.012
180.011
172.011
176.011
164.01
172.011
164.011
180.011
172.011
180.011
184.011
156.01
168.011
172.01
168.01
172.011
172.011
176.011
176.011
184.012
180.011
164.01
184.011
172.011
164.01
272.017
308.019
224.014
240.015
232.015
288.018
228.015
264.017
216.013
232.015
244.015
252.016
224.014
240.015
264.016
232.015
228.014
244.015
236.015
240.015
220.014
272.017
248.015
264.016
240.015
228.014
240.015
232.014
268.016
212.014
184.012
140.008
180.012
152.009
156.009
188.011
184.011
168.01
196.012
176.011
156.01
188.012
188.011
160.01
180.011
172.011
152.01
176.011
148.009
172.011
200.012
172.011
164.01
176.011
192.012
160.01
188.011
196.012
200.013
188.012
184.012
188.011
172.01
172.011
184.011
172.01
184.012
168.01
172.011
172.011
168.011
184.012
168.01
168.011
172.011
176.011
184.011
172.011
180.012
192.012
172.011
184.011
172.011
176.011
172.01
172.011
184.011
188.012
188.012
180.011
148.009
168.01
164.01
160.01
156.01
172.011
148.01
176.011
152.009
168.011
164.011
148.01
164.01
152.009
164.011
176.011
140.009
164.011
168.011
148.009
152.009
140.009
152.01
164.01
156.01
172.01
156.009
140.008
160.01
156.01
144.009
172.01
148.01
168.01
164.011
148.009
168.01
144.009
160.01
148.009
152.009
148.009
140.009
164.01
172.011
160.01
164.01
148.009
168.011
144.009
172.01
168.01
140.008
168.01
136.009
156.01
144.009
140.009
168.01
148.009
224.014
208.013
248.015
244.015
252.016
204.012
212.014
240.015
228.014
224.014
208.013
252.015
228.014
240.015
276.017
224.014
304.019
252.016
232.015
204.013
248.015
248.016
212.013
252.016
260.016
252.016
232.015
212.013
260.016
216.014
148.009
136.008
156.01
148.009
136.009
136.009
148.009
152.009
136.009
132.008
156.01
152.01
140.009
144.009
148.009
140.009
144.009
140.009
156.01
140.009
120.008
128.008
140.008
128.008
144.009
132.008
132.008
128.008
144.009
136.008
188.012
180.011
184.011
152.01
184.012
180.011
172.011
156.01
188.011
168.01
176.011
180.011
184.011
176.011
184.012
180.012
152.009
184.012
152.01
184.011
184.012
168.01
172.011
208.013
168.01
184.011
168.011
172.011
188.011
164.01
232.015
224.014
220.013
236.015
228.014
224.014
212.013
224.014
236.015
216.014
220.014
220.013
252.015
252.016
204.013
180.011
204.013
184.012
180.011
216.014
192.012
172.011
200.013
176.011
176.011
204.013
188.012
172.011
208.013
212.013
176.011
184.011
188.012
140.009
172.011
184.011
196.012
168.01
176.011
176.011
172.01
196.012
200.012
176.011
184.012
160.01
172.011
184.011
180.012
172.011
164.01
164.01
176.011
196.012
168.011
176.011
184.011
180.011
160.01
164.01
132.008
168.01
172.011
172.01
176.011
180.011
176.011
176.011
184.012
180.012
184.012
164.01
192.012
188.012
180.012
172.011
176.011
144.009
188.012
192.012
168.011
180.011
168.01
176.011
168.01
180.011
168.011
168.01
176.011
188.012
152.009
160.01
128.008
160.01
136.009
152.009
112.007
152.009
136.008
160.01
116.007
136.008
136.009
168.011
136.008
132.008
156.009
140.009
156.01
144.009
160.01
140.009
152.009
136.009
152.009
120.007
164.011
152.009
136.008
156.01
136.008
144.009
140.008
132.009
132.008
152.01
136.008
148.01
112.007
152.01
124.008
148.009
136.008
148.009
124.008
144.009
136.009
148.009
132.009
132.008
152.01
128.008
140.009
136.008
148.009
124.008
152.009
124.008
152.01
96.006
136.008
148.01
136.008
152.01
116.008
144.009
136.008
140.009
124.008
136.009
128.008
144.009
136.009
148.009
128.008
148.01
120.007
156.01
128.008
148.01
136.009
144.009
124.008
148.009
124.007
148.01
136.009
144.009
132.008
156.009
100.006
96.006
88.006
104.006
96.006
92.005
100.006
100.006
96.006
96.006
100.006
96.006
104.007
100.006
92.005
72.005
92.006
104.006
96.006
100.006
100.006
96.006
96.006
92.005
104.007
104.006
96.006
96.006
100.006
104.007
84.006
120.008
108.006
104.006
112.007
116.007
108.007
116.007
104.007
108.006
100.006
116.007
96.006
112.007
92.006
104.006
96.006
92.006
84.005
96.006
116.007
84.005
128.008
100.006
120.007
104.007
124.008
116.007
108.006
120.007
128.008
168.011
148.01
148.009
164.01
144.009
148.009
160.01
152.01
132.008
136.009
128.008
156.01
160.01
152.01
152.009
132.008
160.01
128.008
148.009
148.009
136.008
140.008
144.009
148.009
168.011
144.009
152.009
172.011
144.009
172.011
280.018
220.013
228.014
224.014
280.018
208.013
268.017
204.012
204.013
228.015
224.014
224.014
252.015
236.015
240.015
212.013
244.015
236.014
196.012
216.013
212.013
240.015
248.015
220.014
200.012
212.013
224.014
240.015
208.013
156.01
184.012
192.012
168.01
160.01
180.011
176.011
140.009
184.011
148.01
156.01
216.013
204.012
188.012
152.01
168.011
168.01
132.008
180.012
160.01
152.01
184.012
168.01
176.011
172.011
144.009
188.011
172.011
164.011
184.012
136.008
176.011
128.008
176.011
140.009
172.011
176.011
152.009
172.011
160.01
148.009
180.011
164.01
144.009
160.01
160.01
184.012
136.008
168.01
156.009
144.009
172.011
136.008
176.011
172.01
188.012
200.013
204.012
180.011
176.011
168.011
164.011
160.01
148.01
148.009
172.011
156.009
172.01
176.011
140.009
192.012
172.011
184.011
180.011
172.011
188.012
184.011
192.012
196.012
172.01
180.011
164.011
148.009
156.009
168.01
152.009
172.011
140.009
144.009
168.01
184.012
164.01
176.011
116.008
164.01
148.009
172.011
148.009
156.01
152.01
160.01
156.01
144.009
132.008
180.011
144.009
140.008
176.011
140.008
168.01
156.01
144.009
164.01
140.009
156.009
152.01
132.008
156.01
156.01
140.008
232.014
232.014
256.016
260.016
264.017
232.014
240.015
252.016
252.015
200.013
180.012
224.014
192.012
236.015
224.014
204.012
304.019
224.014
192.012
204.013
232.014
232.014
188.012
216.014
248.016
248.015
208.013
188.012
232.014
188.012
144.009
140.009
148.009
144.009
140.008
148.01
140.009
132.008
140.009
152.009
140.009
156.01
152.009
140.009
140.008
156.009
140.009
136.008
132.008
152.01
144.009
140.009
156.01
140.009
140.009
140.008
124.007
132.008
116.008
136.009
180.011
168.01
184.011
168.011
188.012
180.011
164.01
156.01
196.012
196.012
176.011
176.011
176.011
176.011
192.012
176.011
164.01
180.012
144.009
200.013
164.01
176.011
180.011
168.01
204.013
180.011
144.009
148.009
180.011
164.01
168.01
220.014
208.013
188.012
184.011
204.013
196.012
192.012
228.014
204.013
184.012
204.013
208.013
204.013
200.012
184.011
204.013
180.011
184.011
204.012
200.013
160.01
196.012
212.013
184.011
212.013
196.012
176.011
200.013
204.013
152.009
156.009
168.01
168.01
184.012
176.011
176.011
204.013
184.011
172.011
176.011
176.011
204.013
188.012
168.011
180.011
176.011
180.011
172.01
184.012
180.011
164.01
160.01
208.013
160.01
168.011
156.01
148.009
176.011
152.009
168.01
184.011
188.011
184.012
188.012
188.012
156.01
160.01
148.009
172.011
188.011
172.011
200.012
180.011
180.011
180.012
184.012
188.012
188.012
184.012
172.011
196.012
172.011
200.012
180.012
196.012
208.013
168.01
188.012
176.011
156.009
116.007
148.01
172.011
148.009
128.008
148.009
116.007
156.01
140.009
156.009
132.009
148.009
132.008
144.009
120.007
144.009
148.009
160.01
148.009
136.009
172.011
148.009
148.01
160.01
156.009
156.01
152.01
152.009
148.009
148.009
144.009
164.01
140.009
148.009
140.009
140.009
152.01
156.01
160.01
168.011
160.01
152.01
152.009
144.009
148.009
152.01
144.009
148.01
156.01
156.01
160.01
132.009
176.011
148.009
156.01
136.008
140.009
152.009
152.009
144.009
160.01
140.009
152.009
156.01
144.009
152.01
148.009
148.009
140.009
136.009
132.008
136.008
132.008
144.009
124.007
140.009
112.007
136.009
124.008
148.009
120.007
152.009
136.008
148.009
132.008
144.009
124.008
144.009
124.008
576.036
580.036
528.033
576.036
592.037
564.035
576.036
584.036
576.036
584.037
600.037
576.036
580.037
584.037
568.036
588.036
584.037
564.035
580.036
592.037
568.036
580.036
588.037
572.036
584.036
576.036
592.037
584.036
584.037
596.038
620.038
640.04
648.041
640.04
612.038
652.04
620.039
620.039
608.038
636.04
628.039
644.041
648.04
648.04
608.038
640.04
632.04
624.039
636.04
640.04
624.039
616.039
652.041
608.038
648.041
616.039
640.04
624.039
636.04
624.039
780.049
788.05
768.048
788.049
756.047
776.049
776.049
788.049
792.049
800.05
788.05
804.05
824.052
772.048
824.051
788.049
796.05
820.052
768.048
800.05
788.049
784.049
808.051
796.049
820.052
796.05
772.048
808.05
800.05
764.048
960.06
1244.08
1004.06
960.06
972.06
1180.07
888.056
1136.07
916.057
1004.06
1036.07
1044.07
1004.06
1020.06
1080.07
1036.07
1024.06
1016.06
924.057
976.061
984.061
944.059
1000.06
1036.07
904.057
940.059
952.059
920.057
984.061
936.058
868.055
848.053
868.054
836.052
828.051
808.05
852.054
864.054
844.052
824.052
852.054
804.05
864.054
840.052
828.052
840.053
812.05
812.051
820.052
840.053
852.053
828.052
844.053
816.051
856.053
836.052
864.054
880.055
840.052
840.052
792.049
836.053
816.051
848.053
812.051
812.051
876.055
820.051
816.051
828.052
816.051
848.053
832.052
804.051
844.052
804.05
840.053
800.05
800.05
836.052
808.05
816.051
824.051
816.051
844.053
800.05
832.052
808.05
828.052
856.053
824.052
872.054
824.051
808.051
784.049
812.051
792.049
840.052
740.046
820.051
828.051
816.051
800.05
840.052
804.05
852.053
832.052
796.049
812.051
784.049
824.051
788.049
796.05
796.05
800.05
828.052
800.05
808.051
776.049
796.05
748.047
768.048
764.048
796.049
832.052
772.049
776.049
756.048
772.049
748.046
820.052
732.046
764.048
756.047
860.053
776.049
772.049
768.048
780.049
784.049
692.043
808.05
756.047
812.051
748.046
772.049
732.046
760.047
748.047
772.048
960.06
880.055
960.06
988.062
948.06
864.054
908.057
964.06
888.056
920.057
872.054
984.062
892.055
964.06
980.061
912.057
1176.07
984.062
916.058
868.054
996.062
972.06
888.056
972.061
964.06
1012.06
920.057
892.056
1040.07
940.059
712.044
676.043
716.044
692.043
712.045
676.042
712.044
692.044
708.044
728.045
716.044
740.046
708.044
736.046
704.044
720.045
724.046
744.047
700.044
736.046
732.046
736.046
724.045
700.044
716.045
684.043
700.044
680.043
728.045
672.042
892.056
848.053
872.055
828.052
856.054
844.052
832.052
824.051
768.048
876.054
856.053
844.052
836.052
808.051
868.054
836.052
852.053
848.053
832.052
880.055
812.051
872.055
820.051
884.055
904.056
812.051
844.052
828.051
844.053
860.054
928.058
952.059
940.059
904.057
972.061
900.056
872.054
900.056
928.058
916.057
892.056
908.057
864.054
908.057
908.057
924.057
952.06
924.058
928.058
848.053
920.058
892.056
892.056
912.057
896.056
888.055
900.056
864.054
892.056
960.06
780.049
812.05
804.05
808.051
836.053
808.05
788.049
816.051
812.051
792.05
784.049
832.052
804.05
796.05
800.05
804.05
812.051
816.051
796.05
804.051
784.049
792.05
776.049
840.052
788.05
836.052
792.049
828.052
788.049
800.05
848.053
824.052
852.053
800.05
856.054
868.055
828.052
820.051
848.053
828.052
832.052
824.052
820.052
836.052
788.049
836.052
792.05
840.052
800.05
832.052
808.05
820.051
816.051
824.051
800.05
780.049
848.053
784.049
848.053
784.049
768.048
748.047
704.044
764.048
724.046
788.049
744.046
744.047
756.047
780.049
736.046
788.049
756.047
780.049
728.045
792.05
756.047
784.049
752.047
792.049
780.048
772.048
788.049
812.051
772.048
804.051
796.05
760.047
768.048
772.048
672.042
852.054
828.052
848.053
868.054
832.052
868.055
880.055
892.056
848.053
852.054
836.052
860.054
736.046
720.045
748.047
728.046
696.044
744.047
704.044
736.046
700.044
724.046
752.047
724.045
720.045
736.046
708.045
780.049
712.045
728.046
724.045
740.046
740.046
728.046
736.046
744.047
728.045
728.045
736.046
720.045
748.047
740.047
728.045
724.045
732.045
732.046
728.045
724.045
748.047
716.045
740.046
740.047
724.045
740.046
736.046
760.048
728.046
724.046
728.046
576.036
580.036
608.038
580.036
580.036
588.037
576.036
576.036
564.035
584.037
592.037
564.036
580.037
572.035
572.036
584.036
584.036
564.035
580.036
580.036
544.034
584.036
576.036
572.036
576.036
576.036
592.037
584.037
580.036
592.037
652.041
636.039
720.045
644.04
644.04
632.04
636.04
620.039
600.038
640.04
632.04
624.039
620.039
636.04
616.038
636.039
668.042
656.041
668.041
656.041
668.041
656.041
684.042
660.042
680.043
644.04
664.041
696.043
688.043
676.043
760.047
784.049
776.048
760.047
768.048
768.048
784.049
768.048
764.048
776.048
756.048
784.049
764.048
792.05
768.048
784.049
792.05
808.051
792.049
788.05
800.05
804.05
788.049
784.049
808.05
812.051
768.048
800.05
792.05
808.051
972.06
1176.07
956.06
956.059
924.058
1196.07
920.058
1088.07
932.058
972.06
952.06
992.062
964.06
952.06
980.062
1012.06
968.06
1052.07
1004.06
988.062
1024.06
1044.07
1000.06
1076.07
912.057
944.059
912.057
944.059
980.061
936.058
812.051
872.054
816.051
856.054
824.051
832.052
856.053
848.053
852.053
844.053
816.051
840.053
824.051
860.054
816.051
828.052
820.051
804.05
840.052
788.049
856.054
844.053
788.05
852.054
824.052
848.053
828.052
840.052
848.053
812.051
800.05
792.049
780.049
776.048
780.049
792.05
792.05
808.051
772.048
772.048
780.048
800.05
812.051
744.047
812.051
768.048
812.051
760.047
788.049
788.049
808.05
792.05
756.047
804.05
776.049
788.049
764.047
800.05
776.048
828.052
788.05
824.052
788.049
752.047
764.048
760.047
832.052
784.049
820.051
820.051
772.048
784.049
708.044
788.049
768.048
796.05
788.049
776.049
732.045
768.048
732.046
784.049
756.048
772.048
768.048
816.051
800.05
764.048
772.049
776.049
732.046
772.048
768.048
804.05
872.054
784.049
788.05
824.052
792.05
784.049
832.052
760.047
796.05
784.049
868.054
812.051
792.049
788.05
812.051
824.051
768.048
800.05
828.052
792.05
752.047
724.045
804.051
760.048
712.045
756.047
960.06
876.055
976.061
992.062
960.06
892.056
856.053
956.06
944.059
944.059
916.058
968.061
940.059
1008.06
1008.06
948.059
1276.08
996.062
960.06
936.059
1068.07
1012.06
948.059
1008.06
1020.06
1028.07
976.061
900.056
1024.06
944.059
728.045
732.046
720.045
740.046
728.045
728.045
736.046
728.046
720.045
736.046
712.045
724.045
704.044
728.046
728.046
720.045
724.045
728.045
708.044
732.046
736.046
724.045
748.046
732.046
720.045
728.045
720.045
716.045
736.046
760.048
936.059
880.055
904.056
860.054
920.058
860.054
888.056
840.052
868.054
856.054
908.057
852.053
872.054
840.053
828.052
888.055
880.055
872.054
876.055
904.057
912.057
880.055
832.052
860.053
924.057
816.051
844.053
792.05
848.053
880.055
912.057
948.059
928.058
916.057
888.055
900.057
916.057
908.056
912.057
876.055
888.056
928.058
864.054
908.056
880.055
904.057
916.057
876.055
908.057
808.051
960.06
840.052
864.054
920.058
860.054
892.056
856.053
884.055
892.055
948.059
760.048
824.052
776.049
800.05
820.051
788.049
800.05
776.049
780.048
768.048
784.049
776.048
784.049
760.047
812.051
784.049
748.047
804.05
776.048
784.049
808.05
800.05
796.05
820.051
784.049
776.049
800.05
780.049
768.048
776.049
816.051
820.051
808.05
800.05
800.05
844.052
804.05
812.051
792.05
824.051
828.051
804.051
868.054
760.048
788.049
748.047
836.052
816.051
844.053
776.048
824.051
784.049
844.053
820.051
816.051
816.051
820.051
816.051
788.05
824.051
776.049
744.047
736.046
752.047
748.047
740.046
744.046
720.045
764.047
764.048
668.042
760.048
632.039
776.048
688.043
768.048
728.046
772.048
764.047
768.048
768.048
792.049
792.05
760.047
728.046
772.049
780.049
784.049
728.046
780.049
648.041
680.042
668.042
680.042
632.039
816.051
620.039
672.042
648.041
652.041
800.05
900.056
740.046
672.042
644.04
624.039
792.05
896.056
768.048
744.047
684.043
720.045
704.044
780.049
696.043
720.045
680.042
712.044
780.048
684.043
724.045
692.043
728.045
684.043
720.045
704.044
700.044
696.044
728.046
692.043
720.045
716.045
708.045
716.045
716.045
696.044
692.043
732.046
696.044
728.046
680.043
756.047
700.044
716.045
692.043
728.046
688.043
720.045
692.043
724.046
88.005
96.006
100.006
96.006
96.006
104.007
104.006
96.006
92.006
96.006
96.006
152.01
104.007
100.006
100.006
104.007
96.006
100.006
96.006
96.006
92.006
96.006
104.006
100.006
96.006
100.006
88.006
96.006
92.006
96.006
88.006
100.007
96.006
100.006
112.007
112.007
84.005
96.006
120.008
116.007
120.007
116.007
116.007
108.006
80.005
88.006
120.007
116.007
120.007
124.008
120.008
120.007
120.008
112.007
112.007
116.007
128.008
116.007
108.006
116.008
140.009
152.01
132.009
160.01
164.01
164.01
160.01
164.01
160.01
160.01
164.01
168.011
168.011
168.01
168.011
164.01
168.011
160.01
164.01
148.009
156.01
164.01
160.01
164.01
172.011
164.011
156.01
160.01
168.01
168.011
208.013
264.016
232.014
240.015
252.015
312.02
228.014
240.015
208.013
232.015
244.015
252.015
236.015
244.015
228.014
248.016
244.015
240.015
244.015
236.015
232.015
244.015
236.015
264.016
236.015
216.013
240.015
240.015
248.016
228.015
180.012
144.009
140.009
208.013
184.012
196.012
192.012
196.013
192.012
184.011
184.012
180.011
184.011
188.011
176.011
184.011
180.011
184.012
204.013
156.01
180.012
188.011
176.011
188.012
188.012
180.011
192.012
192.012
188.011
192.012
188.012
192.012
164.01
176.011
180.011
168.011
184.012
168.011
176.011
176.011
172.011
176.011
168.01
168.01
172.01
168.011
172.011
176.011
184.011
164.01
172.011
176.011
180.011
168.01
172.01
168.01
168.01
172.011
192.012
180.011
224.014
168.011
184.011
172.011
156.01
172.011
180.011
180.011
180.012
168.01
164.01
168.011
156.01
172.011
164.01
176.011
176.011
160.01
168.01
160.01
172.01
176.011
172.011
164.01
168.01
176.011
168.011
168.011
164.01
172.01
160.01
144.009
156.01
160.01
180.011
168.011
160.01
160.01
152.009
156.01
164.011
156.01
156.009
156.009
180.011
164.011
160.01
160.01
172.011
168.011
148.01
168.01
160.01
176.011
164.01
164.01
160.01
152.009
164.011
152.01
228.014
220.014
252.016
244.015
240.015
200.013
212.013
232.014
252.015
216.014
208.013
232.015
228.014
248.016
244.015
208.013
308.019
236.015
220.014
200.012
236.015
236.015
204.013
240.015
240.015
240.015
212.014
196.012
244.015
208.013
116.008
148.009
108.007
140.009
132.008
136.008
140.008
140.009
140.009
144.009
132.008
136.008
136.009
136.008
148.009
136.008
140.008
144.009
136.009
140.009
140.009
144.009
128.008
140.009
144.009
144.009
144.009
136.009
140.009
136.009
220.014
172.01
188.012
184.011
188.011
184.011
180.012
176.011
168.01
184.011
192.012
184.011
196.012
180.011
188.011
180.012
188.012
192.012
184.012
204.013
184.012
192.012
184.011
204.013
212.013
176.011
168.01
176.011
188.012
196.012
180.011
160.01
160.01
204.013
216.014
208.013
208.013
216.013
252.016
204.013
212.014
212.013
216.014
212.013
216.014
212.013
208.013
196.013
208.013
200.012
216.013
200.012
196.012
200.013
208.013
204.013
216.013
188.012
204.013
212.013
128.008
160.01
128.008
164.01
168.01
172.011
172.011
184.011
164.011
200.013
172.011
168.011
168.011
232.014
164.01
168.01
168.011
176.011
176.011
176.011
172.01
164.01
160.01
176.011
180.011
172.011
168.011
176.011
184.012
176.011
176.011
228.015
184.012
180.011
176.011
180.012
176.011
180.011
160.01
176.011
164.01
172.011
184.011
176.011
180.011
168.01
200.013
192.012
196.012
172.011
172.011
200.012
172.01
180.011
168.011
180.011
172.011
176.011
176.011
168.01
152.01
140.009
152.009
160.01
152.01
160.01
160.01
152.01
156.01
156.01
148.009
128.008
128.008
160.01
144.009
156.01
152.01
156.009
156.009
160.01
160.01
204.013
176.011
160.01
152.009
148.009
160.01
160.01
156.01
168.011
136.009
152.01
140.008
148.009
156.01
140.008
144.009
148.009
140.009
144.009
152.01
232.014
148.009
152.01
148.009
152.01
144.009
144.009
148.01
152.009
144.009
144.009
148.009
156.009
160.01
144.009
148.009
148.009
160.01
140.009
132.009
140.009
132.008
148.009
140.009
136.008
152.009
148.01
140.009
156.01
148.009
196.013
120.008
144.009
144.009
136.009
148.01
144.009
152.009
148.009
140.008
128.008
140.009
144.009
140.009
148.009
144.009
152.009
144.009
152.009
180.012
180.011
176.011
176.011
168.01
164.01
176.011
160.01
176.011
136.009
124.008
156.01
156.01
160.01
176.011
160.01
168.01
176.011
172.011
164.01
152.01
168.01
160.01
164.01
172.011
188.012
176.011
172.01
156.01
156.01
336.021
340.021
252.016
248.015
272.017
248.015
200.013
244.016
264.016
264.016
352.022
256.016
260.016
260.016
248.015
256.016
268.017
276.017
256.016
256.016
260.016
260.016
252.016
260.016
272.017
268.017
256.016
308.019
268.017
260.016
176.011
168.01
160.01
156.01
168.01
160.01
160.01
156.009
160.01
156.01
120.008
140.009
172.011
172.011
164.01
160.01
172.01
172.01
160.01
152.01
160.01
160.01
168.01
184.011
132.008
172.011
160.01
160.01
164.011
160.01
176.011
176.011
184.011
204.013
172.011
176.011
180.011
184.011
168.01
128.008
160.01
148.009
164.01
164.01
180.011
168.011
192.012
192.012
172.011
180.011
184.012
192.012
180.011
168.01
176.011
188.012
184.012
192.012
200.013
168.011
176.011
148.009
152.009
176.011
164.011
168.01
168.011
168.01
164.01
176.011
120.008
172.01
168.011
164.01
176.011
164.011
156.01
172.011
172.011
164.011
180.011
168.011
160.01
164.01
168.01
164.01
168.011
160.01
192.012
180.011
184.012
152.009
156.01
168.01
156.01
160.01
168.01
176.011
168.01
176.011
228.015
184.012
160.01
164.011
172.011
176.011
160.01
164.011
148.01
144.009
148.009
152.01
156.01
164.01
180.011
172.011
164.01
168.01
164.01
156.01
132.008
144.009
112.007
144.009
144.009
140.009
148.009
136.008
144.009
136.009
136.009
184.012
168.011
144.009
140.009
144.009
140.008
136.008
136.009
136.009
140.009
140.009
136.008
140.008
132.008
136.009
140.009
144.009
136.008
144.009
152.009
136.008
148.009
148.009
152.009
152.009
156.009
148.009
156.01
160.01
128.008
112.007
120.007
132.009
152.009
144.009
168.011
164.01
160.01
152.009
148.01
156.01
148.009
140.008
140.008
148.01
164.01
164.01
164.01
176.011
224.014
216.013
240.015
244.015
248.015
244.015
236.015
336.021
244.015
244.015
236.015
244.015
248.015
320.02
232.015
240.015
240.015
236.015
236.015
240.015
232.014
260.017
244.015
244.015
248.016
236.014
248.016
248.016
248.015
236.015
180.011
152.01
192.012
180.011
180.011
176.011
180.012
184.012
176.011
172.011
192.012
188.012
168.01
176.011
176.011
188.012
172.011
184.011
164.01
132.008
168.01
160.01
160.01
180.011
172.01
180.011
192.012
184.011
188.011
184.011
176.011
196.012
236.015
180.011
172.01
192.012
200.012
184.011
176.011
180.012
184.011
152.009
172.011
184.012
188.012
172.011
208.013
200.012
200.013
168.011
176.011
184.012
200.012
176.011
200.013
200.012
208.013
192.012
212.013
176.011
228.014
184.011
176.011
224.014
248.015
248.016
252.016
244.015
312.02
296.019
292.018
312.019
308.019
308.02
292.018
248.016
236.014
228.014
244.016
236.015
232.014
240.015
244.015
224.014
240.015
240.015
240.015
232.014
240.015
312.019
172.01
160.01
188.012
180.011
184.011
176.011
180.011
184.011
176.011
248.016
208.013
188.012
184.012
176.011
176.011
168.01
180.011
184.011
204.012
180.012
180.011
176.011
192.012
196.013
172.011
176.011
164.01
188.011
192.012
180.011
128.008
140.009
124.007
132.008
136.008
136.008
140.009
136.009
140.009
136.009
140.009
148.009
172.011
156.01
136.008
140.008
132.009
144.009
136.008
136.009
144.009
148.009
140.009
148.009
136.009
136.009
140.009
136.008
144.009
144.009
328.02
244.015
240.015
252.016
272.017
244.015
304.019
272.017
280.017
264.016
292.018
260.017
272.017
344.022
276.018
248.016
240.015
240.015
292.018
276.018
256.016
244.016
252.016
260.016
240.015
244.015
260.016
268.017
252.016
264.017
292.019
236.015
252.016
332.021
252.016
264.016
328.02
272.017
272.017
260.016
272.017
264.016
288.018
344.022
292.018
268.016
284.017
276.017
272.017
320.02
272.017
280.017
272.017
288.018
264.016
244.015
340.021
268.017
260.016
268.017
