184.011
196.012
184.011
196.012
304.019
368.023
348.022
372.023
360.023
360.023
368.023
368.023
356.022
372.023
356.022
360.022
360.023
356.022
352.022
360.022
360.022
356.022
356.022
340.021
348.021
360.022
356.023
360.023
364.023
360.022
420.026
424.027
312.019
404.025
424.026
428.026
424.026
416.026
428.027
436.027
416.026
432.027
428.026
432.027
424.026
420.026
444.028
444.028
428.027
432.027
432.027
428.026
456.028
440.027
440.028
432.027
452.028
432.027
428.026
436.028
588.037
600.037
588.037
604.038
596.038
596.038
596.037
588.037
600.038
588.037
596.037
600.038
600.038
592.037
600.038
592.037
580.036
584.036
592.037
580.036
584.037
592.037
580.036
588.037
592.037
612.038
588.036
592.037
628.04
588.037
884.056
1092.07
836.052
848.053
876.055
1108.07
816.051
992.062
788.049
848.053
892.056
896.056
848.053
884.056
908.057
888.055
844.053
884.056
860.054
836.052
848.053
900.056
844.053
916.057
844.053
792.05
852.053
812.051
904.056
860.054
700.044
704.044
688.043
708.045
636.04
672.042
688.043
684.043
688.043
668.042
672.042
668.041
672.042
668.041
644.04
684.043
656.041
660.042
668.042
664.042
684.043
668.042
664.042
664.041
672.042
652.041
692.043
692.044
688.043
684.043
608.038
616.038
620.038
620.039
620.039
612.038
644.041
628.039
612.039
600.038
612.038
644.04
632.04
616.039
620.038
612.038
628.04
612.039
612.038
628.04
620.038
628.039
612.039
488.03
432.027
588.037
624.039
528.033
560.035
648.041
624.039
648.04
616.039
632.04
588.036
620.038
648.041
632.039
640.04
624.039
628.039
612.038
592.037
608.038
612.038
688.043
620.039
644.04
612.038
592.037
632.04
656.041
628.039
640.04
648.04
640.04
628.04
608.038
596.037
632.039
568.035
568.035
600.038
592.037
668.041
576.036
596.037
596.038
588.037
588.037
624.039
568.035
564.036
596.037
656.041
600.037
584.036
596.037
628.039
592.037
568.036
620.039
616.038
628.04
580.036
592.037
584.036
568.035
572.036
584.036
812.05
744.047
868.054
880.055
848.053
732.046
760.047
864.054
784.049
768.048
740.046
848.053
820.052
872.055
880.055
756.047
1116.07
864.054
800.05
732.045
884.055
884.055
752.047
876.055
904.057
884.055
788.05
720.045
892.056
760.048
516.032
512.032
520.033
520.033
516.032
508.032
512.032
500.032
496.031
512.032
512.032
520.032
500.031
532.033
512.032
516.032
512.032
520.032
504.032
528.033
508.032
520.032
520.032
508.032
508.032
516.032
504.031
512.032
528.033
520.032
708.044
684.042
672.042
660.041
708.044
648.04
676.043
652.041
692.043
700.043
432.027
656.041
696.043
568.035
676.043
700.043
680.043
684.043
668.041
732.046
680.042
712.045
660.042
716.045
748.046
668.042
660.042
688.043
688.043
692.043
756.047
776.049
760.047
728.046
776.048
748.047
760.048
780.049
788.049
760.047
748.046
792.049
752.047
764.048
788.05
760.048
760.047
752.047
764.048
740.046
772.048
732.046
772.048
772.048
780.049
764.048
764.048
708.044
748.047
792.049
616.039
636.039
612.039
604.038
620.038
604.038
596.038
612.038
600.038
608.038
596.037
624.039
616.038
604.038
620.038
600.038
608.038
604.038
600.037
592.037
616.039
596.037
596.037
632.04
588.037
592.037
604.038
596.037
592.037
612.038
644.04
644.04
648.04
608.038
636.04
644.04
632.04
636.04
644.04
624.039
644.04
652.041
672.042
636.04
648.04
640.04
656.041
652.04
644.04
632.039
636.04
700.044
636.039
668.042
616.038
628.04
732.046
636.04
688.043
696.043
584.036
552.035
556.035
576.036
548.034
560.035
540.034
564.036
576.036
576.036
544.034
572.036
560.035
588.037
544.034
580.036
540.034
564.035
560.035
588.037
652.041
608.038
660.041
620.039
596.038
580.037
644.04
568.035
596.037
584.036
432.027
528.033
576.036
444.028
548.034
540.033
536.034
552.034
524.033
548.034
536.034
556.035
536.033
536.034
516.032
532.033
532.033
536.033
528.033
548.034
540.034
572.036
548.034
584.037
528.033
524.033
548.035
548.035
584.036
536.034
524.032
536.034
540.033
540.034
576.036
536.033
524.032
564.035
524.033
560.035
512.032
532.033
528.033
528.033
544.034
528.033
528.033
528.033
532.033
548.034
528.033
544.034
560.035
528.033
544.034
532.034
536.033
528.033
520.032
544.034
640.04
652.041
636.039
640.04
640.04
580.036
584.037
584.037
624.039
596.037
592.037
620.039
588.037
576.036
676.042
572.036
616.038
644.04
640.04
616.038
624.039
616.039
608.038
600.038
632.04
624.039
632.04
632.039
588.037
588.036
1268.08
1252.08
900.056
908.057
920.058
928.058
928.058
912.057
920.058
920.057
1216.08
920.058
912.057
928.058
916.058
916.057
932.059
940.059
900.056
904.056
916.057
928.058
928.058
944.059
956.06
932.058
920.058
904.056
928.058
916.057
628.039
592.037
596.037
568.036
584.036
572.036
592.037
572.035
576.036
588.037
584.036
548.034
624.039
620.039
592.037
552.034
632.039
620.039
584.037
564.036
584.036
584.036
616.038
632.039
544.034
356.023
332.021
580.036
592.037
552.034
608.038
624.039
620.039
664.041
616.039
624.039
624.039
604.038
632.039
632.039
612.039
676.043
684.042
692.044
700.043
620.039
724.046
720.045
608.038
708.044
676.042
732.046
672.042
700.044
708.044
648.041
696.043
712.044
624.039
620.038
604.038
584.037
608.038
600.038
604.038
600.038
600.037
588.037
604.038
576.036
608.038
592.037
592.037
600.037
648.04
596.037
588.037
588.037
604.038
596.037
612.038
596.037
616.039
664.042
604.037
620.039
624.039
608.038
592.037
604.038
572.036
600.037
624.039
668.042
644.041
640.04
640.04
700.044
656.041
696.043
576.036
684.043
604.037
608.038
644.04
688.043
624.039
616.038
636.04
612.039
624.039
604.037
604.037
612.039
668.042
596.037
608.038
612.038
608.038
616.039
512.032
532.033
520.033
540.033
524.033
508.032
520.033
496.031
508.031
512.032
500.031
500.032
516.032
500.031
524.033
512.032
512.032
500.032
500.031
504.032
504.031
516.032
560.035
528.033
516.032
516.032
504.031
524.033
508.032
520.033
564.036
552.035
572.035
560.035
572.036
584.037
592.037
552.035
548.034
568.035
536.034
528.033
540.034
536.033
564.035
536.033
588.037
632.039
572.036
580.036
596.037
596.037
572.036
556.034
376.024
428.027
568.036
608.038
468.029
592.037
856.054
908.056
880.055
884.055
864.054
884.055
840.052
868.054
852.053
856.054
884.055
888.055
868.054
1128.07
876.055
880.055
876.055
868.054
864.054
880.055
888.055
880.055
872.055
872.055
896.056
876.054
880.055
880.055
860.054
868.055
672.042
656.041
684.042
648.04
640.04
636.04
660.041
688.043
624.039
636.04
632.04
660.041
648.04
648.041
648.041
676.042
652.04
644.041
636.04
640.04
672.042
604.038
660.041
652.041
640.04
712.044
680.043
652.041
632.039
660.041
660.041
688.043
696.043
680.043
648.041
664.041
712.044
644.041
640.04
664.041
672.042
696.044
648.04
672.042
676.042
640.04
752.047
696.044
640.04
652.041
688.043
700.044
784.049
720.045
696.044
720.045
764.048
656.041
688.043
696.043
856.053
864.054
880.055
880.055
884.055
864.054
872.054
868.054
1084.07
1092.07
1088.07
1092.07
1096.07
1092.07
1088.07
864.054
856.053
860.053
860.053
848.053
860.054
860.054
860.054
864.054
868.054
868.054
856.054
864.054
864.054
1080.07
644.04
636.04
676.042
652.041
656.041
652.041
656.041
644.04
636.039
636.04
656.041
700.044
672.042
656.041
652.041
620.039
636.04
644.04
644.04
632.04
652.041
724.045
636.039
688.043
700.043
648.04
624.039
724.046
704.044
672.042
480.03
504.031
512.032
496.031
488.03
504.031
488.031
496.031
520.033
496.031
516.032
484.03
504.031
512.032
492.03
496.031
500.031
496.031
500.031
504.031
504.032
484.031
496.031
484.03
496.031
500.032
492.031
496.031
496.031
516.032
1136.07
880.055
888.055
896.056
976.061
864.054
896.056
948.06
960.06
940.058
980.061
956.06
968.061
940.059
984.062
852.053
844.053
836.052
960.06
924.058
876.055
876.055
876.055
884.055
888.055
876.055
888.055
900.056
860.054
956.059
996.062
916.057
948.06
1196.07
912.057
920.058
904.056
924.058
940.058
900.057
928.058
924.058
1020.06
1008.06
1020.06
908.057
1028.07
944.059
944.059
1144.07
932.058
944.059
948.059
1012.06
916.057
916.057
1132.07
936.058
916.058
936.058
